B	5	E	ADMIN	15	138	1	1	1	28/06/2010	10:31:58	0.0	0.0	0.0	0.0	0.0416666666667	0.0416666666667	0.0416666666667	0.0	0.0	0.0	0.0	0.0	0.0	0.0	0.0	0.0	0.0	0.0	0.0	0.0	0.0	0.0	0.0	0.0	0.0	0.0	0.0	0.0	0.0	0.0	0.0	0.0	0.0	0.0416666666667	0.0	0.0	0.0	0.0	0.0	0.0	0.0	0.0	0.0416666666667	0.0	0.0416666666667	0.0833333333333	0.0	0.0	0.0416666666667	0.0	0.0	0.0	0.0	0.0	0.0	0.0	0.0	0.0	0.0	0.0
B	5	E	ADMIN	15	138	1	2	3	28/06/2010	11:40:48	0.0	0.0	0.0	0.0	0.0	0.0	0.0416666666667	0.0	0.0	0.0	0.0	0.0	0.0	0.0	0.0	0.0	0.0	0.0	0.0	0.0	0.0	0.0	0.0	0.0	0.0	0.0	0.0	0.0	0.0	0.0	0.0	0.0	0.0	0.0	0.0	0.0	0.0	0.0	0.0	0.0	0.0	0.0	0.0	0.0	0.0416666666667	0.0	0.0	0.0	0.0	0.0	0.0	0.0	0.0	0.0	0.0	0.0	0.0	0.0	0.0	0.0
B	5	E	ADMIN	15	138	1	3	5	28/06/2010	12:50:19	0.0	0.0	0.0	0.0	0.0	0.0	0.0	0.0	0.0416666666667	0.0416666666667	0.0	0.0	0.0	0.0	0.0	0.0	0.0	0.0	0.0	0.0	0.0416666666667	0.125	0.0	0.0	0.0	0.0	0.0	0.0	0.0416666666667	0.0	0.0416666666667	0.0416666666667	0.0	0.0	0.0	0.0	0.0	0.0	0.0	0.0	0.0416666666667	0.0	0.0416666666667	0.0	0.0	0.0416666666667	0.0416666666667	0.0	0.0	0.0416666666667	0.0	0.0	0.0	0.0416666666667	0.0	0.0833333333333	0.0	0.0	0.0	0.0
B	5	E	ADMIN	15	138	1	4	7	28/06/2010	13:50:18	0.0	0.0	0.0	0.0	0.0	0.0	0.0	0.0	0.0	0.0	0.0	0.0	0.0	0.0	0.0	0.0	0.0416666666667	0.0	0.0	0.0	0.0	0.0	0.0	0.0	0.0	0.0	0.0	0.0	0.0	0.0	0.0	0.0	0.0	0.0	0.0	0.0	0.0	0.0	0.0	0.0	0.0	0.0	0.0	0.0	0.0	0.0	0.0	0.0	0.0	0.0	0.0	0.0	0.0	0.0	0.0	0.0	0.0	0.0	0.0	0.0
B	5	E	ADMIN	15	138	1	5	9	28/06/2010	15:56:47	0.0	0.0	0.0	0.0	0.0416666666667	0.0	0.0	0.0	0.0	0.0	0.0	0.0	0.0	0.0	0.0	0.0	0.0	0.0	0.0	0.0416666666667	0.0	0.0	0.0	0.0	0.0	0.0	0.0	0.0	0.0	0.0	0.0	0.0	0.0	0.0	0.0	0.0	0.0	0.0	0.0	0.0	0.0	0.0	0.0	0.0416666666667	0.0416666666667	0.0	0.0	0.0	0.0416666666667	0.0416666666667	0.0	0.0	0.0	0.0	0.0	0.0416666666667	0.0	0.0	0.0	0.0
B	5	E	ADMIN	15	138	1	6	11	28/06/2010	17:04:45	0.0	0.0	0.0	0.0	0.0	0.0	0.0	0.0416666666667	0.0	0.0	0.0	0.0	0.0	0.0416666666667	0.0	0.0	0.0	0.0	0.0	0.0	0.0	0.0	0.0833333333333	0.0416666666667	0.0416666666667	0.0	0.0	0.0	0.0	0.0416666666667	0.0	0.0	0.0833333333333	0.0416666666667	0.0	0.0416666666667	0.0	0.0	0.0	0.0	0.0	0.0416666666667	0.0416666666667	0.208333333333	0.0833333333333	0.0833333333333	0.0	0.0	0.0416666666667	0.0833333333333	0.0	0.125	0.0416666666667	0.125	0.0	0.0	0.0	0.0	0.0	0.0
B	5	E	ADMIN	15	138	2	1	2	28/06/2010	10:31:58	0.0	0.0	0.0833333333333	0.0	0.0	0.0833333333333	0.0	0.0416666666667	0.0416666666667	0.0	0.0	0.0	0.0833333333333	0.0	0.0	0.0416666666667	0.0	0.0	0.0416666666667	0.0416666666667	0.0	0.0	0.0	0.0416666666667	0.0	0.0	0.0	0.0	0.0	0.0416666666667	0.0416666666667	0.0	0.0	0.0833333333333	0.0	0.0833333333333	0.0	0.0416666666667	0.0833333333333	0.0416666666667	0.0416666666667	0.0416666666667	0.0	0.125	0.0	0.0	0.0	0.0	0.0833333333333	0.0416666666667	0.0416666666667	0.0833333333333	0.0	0.125	0.0416666666667	0.0	0.0	0.0	0.0	0.0
B	5	E	ADMIN	15	138	2	2	4	28/06/2010	11:40:48	0.0	0.0	0.0	0.0	0.0	0.0	0.0	0.0	0.0	0.0	0.0416666666667	0.0	0.0	0.0	0.0	0.0	0.0	0.0	0.0	0.0	0.0	0.0	0.0	0.0	0.0	0.0	0.0	0.0	0.0	0.0	0.0	0.0	0.0	0.0	0.0	0.0	0.0	0.0416666666667	0.0	0.0	0.0	0.0	0.0	0.0	0.0	0.0	0.0	0.0	0.0	0.0	0.0	0.0	0.0	0.0	0.0	0.0	0.0	0.0	0.0	0.0
B	5	E	ADMIN	15	138	2	3	6	28/06/2010	12:50:19	0.0	0.0	0.0	0.0	0.0	0.0	0.0	0.0	0.0	0.0	0.0	0.0	0.0	0.0	0.0416666666667	0.0	0.0	0.0	0.0	0.0	0.0	0.0	0.0	0.0	0.0	0.0	0.0	0.0	0.0	0.0	0.0	0.0	0.0	0.0	0.0	0.0	0.0	0.0	0.0	0.0	0.0	0.0	0.0	0.0416666666667	0.0	0.0	0.0	0.0	0.0416666666667	0.0	0.0416666666667	0.0	0.0	0.0	0.0	0.0	0.0	0.0	0.0	0.0
B	5	E	ADMIN	15	138	2	4	8	28/06/2010	13:50:18	0.0	0.0	0.0	0.0	0.0	0.0	0.0	0.0	0.0	0.0	0.0	0.0	0.0	0.0	0.0	0.0	0.0	0.0	0.0	0.0	0.0	0.0	0.0	0.0	0.0	0.0	0.0	0.0	0.0	0.0	0.0	0.0	0.0	0.0	0.0	0.0	0.0	0.0	0.0	0.0	0.0	0.0	0.0	0.0	0.0	0.0	0.0	0.0	0.0	0.0	0.0	0.0	0.0	0.0	0.0	0.0	0.0	0.0	0.0	0.0
B	5	E	ADMIN	15	138	2	5	10	28/06/2010	15:56:47	0.0	0.0416666666667	0.0416666666667	0.0416666666667	0.0416666666667	0.0	0.0	0.0416666666667	0.0	0.0	0.0	0.0	0.0833333333333	0.0	0.0	0.0	0.0	0.0	0.0	0.0416666666667	0.0	0.0	0.0	0.0	0.0	0.0	0.0	0.0	0.0	0.0	0.0	0.0	0.0	0.0	0.0416666666667	0.0	0.0	0.0	0.0	0.0	0.0	0.0416666666667	0.0	0.0416666666667	0.0416666666667	0.0	0.0416666666667	0.0416666666667	0.0416666666667	0.0	0.0	0.0	0.0	0.0416666666667	0.0	0.0	0.0416666666667	0.0	0.0	0.0
B	5	E	ADMIN	15	138	2	6	12	28/06/2010	17:04:45	0.0416666666667	0.0416666666667	0.0	0.0	0.0416666666667	0.0	0.0416666666667	0.0	0.0	0.0	0.0	0.0	0.0	0.0416666666667	0.0416666666667	0.0	0.0	0.0416666666667	0.0416666666667	0.0416666666667	0.0	0.0	0.0	0.0833333333333	0.0416666666667	0.0416666666667	0.0	0.0416666666667	0.0	0.0	0.0	0.0	0.0	0.0	0.0416666666667	0.0	0.0416666666667	0.0	0.0416666666667	0.0	0.0	0.0416666666667	0.0416666666667	0.0	0.0	0.0	0.0	0.0833333333333	0.0	0.0416666666667	0.0416666666667	0.0	0.0833333333333	0.0	0.0	0.0	0.0	0.0	0.0	0.0416666666667
B	5	E	ADMIN	15	142	1	1	1	30/06/2010	10:46:15	0.0	0.0	0.0	0.0	0.0416666666667	0.0	0.0	0.0	0.0	0.0	0.0	0.0	0.0	0.0	0.0	0.0	0.0	0.0	0.0	0.0	0.0	0.0	0.0	0.0	0.0	0.0	0.0	0.0833333333333	0.0	0.0	0.0	0.0	0.0416666666667	0.0	0.0	0.0	0.0416666666667	0.0416666666667	0.0	0.0	0.0	0.0	0.0	0.0	0.0	0.0	0.0833333333333	0.0	0.0	0.0	0.0	0.0	0.0	0.0	0.0	0.0	0.0	0.0	0.0	0.0
B	5	E	ADMIN	15	142	1	2	3	30/06/2010	11:46:30	0.0	0.0	0.0	0.0	0.0	0.0	0.0	0.0	0.0	0.0	0.0	0.0	0.0	0.0	0.0	0.0	0.0	0.0	0.0	0.0	0.0	0.0	0.0	0.0	0.0	0.0	0.0	0.0	0.0	0.0	0.0	0.0	0.0	0.0	0.0	0.0	0.0	0.0	0.0	0.0	0.0	0.0	0.0	0.0	0.0	0.0	0.0	0.0	0.0	0.0	0.0	0.0	0.0	0.0	0.0	0.0416666666667	0.0	0.0	0.0	0.0
B	5	E	ADMIN	15	142	1	3	5	30/06/2010	12:46:16	0.0	0.0	0.0	0.0	0.0	0.0	0.0	0.0	0.0	0.0	0.0416666666667	0.0	0.0	0.0	0.0	0.0	0.0	0.0416666666667	0.0	0.0	0.0	0.0	0.0	0.0	0.0	0.0	0.0	0.0	0.0	0.0	0.0	0.0	0.0	0.0	0.0	0.0	0.0	0.0	0.0	0.0	0.0	0.0	0.0	0.0	0.0416666666667	0.0	0.0	0.0	0.0	0.0	0.0	0.0	0.0	0.0	0.0	0.0	0.0	0.0	0.0833333333333	0.0
B	5	E	ADMIN	15	142	1	4	7	30/06/2010	13:52:27	0.0	0.0	0.0	0.0	0.0	0.0	0.0	0.0	0.0	0.0	0.0	0.0	0.0	0.0	0.0	0.0	0.0	0.0	0.0	0.0	0.0	0.0	0.0	0.0	0.0	0.0	0.0	0.0	0.0	0.0	0.0	0.0	0.0	0.0	0.0	0.0	0.0	0.0	0.0	0.0	0.0	0.0	0.0	0.0	0.0	0.0	0.0	0.0	0.0	0.0	0.0	0.0	0.0	0.0	0.0	0.0	0.0416666666667	0.0	0.0	0.0
B	5	E	ADMIN	15	142	1	5	9	30/06/2010	14:55:12	0.0	0.0	0.0	0.0	0.0	0.0	0.0	0.0	0.0	0.0	0.0	0.0	0.0	0.0	0.0	0.0	0.0	0.0	0.0	0.0	0.0	0.0	0.0	0.0	0.0	0.0	0.0	0.0	0.0	0.0	0.0	0.0	0.0	0.0	0.0	0.0	0.0	0.0	0.0	0.0	0.0	0.0	0.0	0.0	0.0	0.0	0.0	0.0	0.0	0.0	0.0	0.0	0.0	0.0	0.0	0.0	0.0	0.0	0.0	0.0
B	5	E	ADMIN	15	142	1	6	11	30/06/2010	16:00:51	0.0	0.0	0.0	0.0	0.0416666666667	0.0	0.0	0.0	0.0	0.0833333333333	0.0416666666667	0.0	0.0416666666667	0.0416666666667	0.0	0.0833333333333	0.0	0.0	0.0	0.0	0.0416666666667	0.0	0.0	0.0	0.0	0.0	0.0	0.0416666666667	0.0833333333333	0.0	0.0	0.0	0.0	0.0	0.0	0.0416666666667	0.0	0.0833333333333	0.0	0.0	0.0416666666667	0.0	0.0	0.0	0.0	0.0	0.0	0.0	0.0	0.0	0.0	0.0416666666667	0.0	0.0	0.0	0.0	0.0	0.0	0.0	0.0
B	5	E	ADMIN	15	142	2	1	2	30/06/2010	10:46:15	0.0	0.0	0.0	0.0416666666667	0.0	0.0416666666667	0.0	0.0	0.0	0.0	0.0416666666667	0.0	0.0	0.0416666666667	0.0416666666667	0.0	0.0416666666667	0.0	0.0	0.0	0.0	0.0	0.0	0.0	0.0416666666667	0.0833333333333	0.0	0.0	0.0	0.0416666666667	0.0416666666667	0.0	0.0	0.0	0.0416666666667	0.0416666666667	0.0	0.0	0.0416666666667	0.125	0.0416666666667	0.0	0.0416666666667	0.0	0.0833333333333	0.0	0.0416666666667	0.0416666666667	0.0	0.0	0.0	0.0	0.0416666666667	0.0	0.0	0.0	0.0	0.0	0.0	0.0
B	5	E	ADMIN	15	142	2	2	4	30/06/2010	11:46:30	0.0	0.0	0.0	0.0	0.0	0.0	0.0	0.0	0.0	0.0	0.0	0.0	0.0	0.0	0.0	0.0	0.0	0.0	0.0	0.0	0.0416666666667	0.0	0.0	0.0	0.0	0.0	0.0	0.0	0.0	0.0	0.0	0.0	0.0	0.0	0.0	0.0	0.0	0.0	0.0	0.0	0.0	0.0	0.0	0.0	0.0	0.0	0.0	0.0	0.0	0.0	0.0	0.0	0.0	0.0	0.0	0.0	0.0	0.0	0.0	0.0
B	5	E	ADMIN	15	142	2	3	6	30/06/2010	12:46:16	0.0	0.0	0.0	0.0	0.0	0.0	0.0	0.0	0.0	0.0	0.0	0.0	0.0	0.0	0.0	0.0	0.0	0.0	0.0	0.0	0.0	0.0	0.0	0.0	0.0	0.0	0.0	0.0	0.0	0.0	0.0	0.0	0.0	0.0	0.0	0.0	0.0	0.0	0.0	0.0	0.0	0.0	0.0	0.0	0.0	0.0	0.0	0.0	0.0	0.0	0.0	0.0	0.0	0.0	0.0	0.0	0.0	0.0	0.0	0.0
B	5	E	ADMIN	15	142	2	4	8	30/06/2010	13:52:27	0.0	0.0	0.0	0.0	0.0	0.0	0.0	0.0	0.0	0.0	0.0	0.0	0.0	0.0	0.0	0.0	0.0	0.0	0.0	0.0	0.0	0.0	0.0	0.0	0.0	0.0	0.0	0.0	0.0	0.0	0.0	0.0	0.0	0.0	0.0	0.0	0.0	0.0	0.0	0.0	0.0	0.0	0.0	0.0	0.0	0.0	0.0	0.0	0.0	0.0	0.0	0.0	0.0	0.0	0.0	0.0	0.0	0.0	0.0	0.0
B	5	E	ADMIN	15	142	2	5	10	30/06/2010	14:55:12	0.0	0.0	0.0	0.0	0.0	0.0	0.0	0.0	0.0	0.0	0.0	0.0	0.0	0.0	0.0	0.0	0.0	0.0	0.0	0.0	0.0	0.0	0.0	0.0	0.0416666666667	0.0	0.0	0.0	0.0	0.0	0.0	0.0	0.0	0.0	0.0416666666667	0.0	0.0	0.0	0.0	0.0	0.0	0.0	0.0	0.0	0.0	0.0	0.0	0.0	0.0	0.0	0.0	0.0	0.0	0.0	0.0	0.0	0.0	0.0	0.0	0.0
B	5	E	ADMIN	15	142	2	6	12	30/06/2010	16:00:51	0.0	0.0	0.0	0.0	0.0	0.0	0.0	0.0	0.0	0.0	0.0	0.0	0.0	0.0	0.0	0.0416666666667	0.0	0.0	0.0	0.0	0.0	0.0	0.0	0.0	0.0	0.0	0.0	0.0	0.0	0.0	0.0	0.0	0.0	0.0	0.0	0.0	0.0	0.0	0.0	0.0	0.0	0.0	0.0	0.0	0.0	0.0	0.0	0.0	0.0	0.0	0.0	0.0	0.0416666666667	0.0	0.0	0.0416666666667	0.0	0.0	0.0	0.0
